0	16	27	25	
1	25	
2	12	9	
3	2	
4	20	19	23	
5	0	6	
6	
7	
8	8	27	9	
9	20	2	
10	7	25	29	
11	12	18	
12	27	
13	16	
14	22	9	3	
15	29	
16	
17	8	
18	
19	0	23	16	
20	20	26	3	
21	20	16	
22	15	
23	14	
24	26	5	16	
25	13	
26	24	
27	12	15	14	
28	14	3	20	
29	18	6	8	
30	
31	
32	11	14	19	
33	
34	
35	
36	
37	22	16	6	
38	29	15	
39	14	28	
40	21	17	2	
41	12	
42	
43	
44	20	
45	1	15	
46	4	
47	10	9	21	
48	27	
49	21	5	9	
50	27	16	17	
51	6	
52	16	
53	29	14	28	
54	2	29	3	
55	0	18	28	
56	10	9	6	
57	8	25	26	
58	1	5	29	
59	
60	
61	
62	20	
63	10	
64	4	24	
65	17	26	
66	21	17	25	
67	16	22	11	
68	28	
69	17	24	1	
70	25	29	
71	15	
72	8	
73	
74	21	18	9	
75	
76	
77	13	23	8	
78	10	4	
79	18	9	
80	17	
81	
82	
83	0	23	20	
84	22	5	4	
85	5	29	
86	16	9	
87	12	14	
88	27	
89	4	8	11	
90	18	29	
91	16	8	10	
92	11	10	
93	1	
94	0	
95	5	0	
96	
97	
98	12	5	
99	
100	
101	8	14	
102	12	
103	
104	
105	
106	
107	9	10	8	
108	3	11	21	
109	13	14	
110	
111	19	11	29	
112	
113	3	13	18	
114	25	26	
115	14	0	
116	14	6	
117	6	7	
118	6	
119	18	17	2	
120	
121	
122	9	26	20	
123	17	6	
124	13	
125	
126	25	
127	19	21	14	
128	1	20	17	
129	18	
130	20	24	28	
131	
132	
133	29	26	
134	0	
135	
136	
137	
138	
139	25	15	
140	19	10	
141	8	23	
142	20	24	
143	29	21	
144	16	12	25	
145	4	29	
146	3	
147	
148	25	10	
149	29	4	
150	25	
151	7	
152	
153	1	
154	6	9	
155	
156	22	26	
157	
158	12	
159	
160	
161	22	
162	
163	18	6	
164	
165	8	
166	13	8	0	
167	7	6	
168	
169	20	
170	18	17	
171	10	
172	13	3	17	
173	22	
174	15	2	
175	
176	8	27	9	
177	
178	
179	21	0	
180	
181	
182	20	8	16	
183	14	27	
184	13	29	2	
185	
186	20	11	17	
187	19	11	
188	14	19	2	
189	27	24	29	
190	24	
191	19	
192	25	27	10	
193	11	29	
194	17	
195	
196	
197	23	24	9	
198	12	20	
199	9	
200	2	11	
201	0	27	
202	11	21	9	
203	15	26	
204	17	24	0	
205	4	17	
206	8	15	
207	2	16	
208	
209	6	24	
210	
211	
212	19	6	
213	17	10	
214	0	11	13	
215	7	
216	
217	24	25	
218	
219	12	9	
220	19	9	
221	5	11	
222	
223	27	
224	
225	16	10	
226	
227	
228	6	
229	
230	17	
231	19	
232	18	
233	3	
234	8	
235	17	
236	13	
237	18	27	4	
238	9	0	19	
239	28	5	
240	
241	23	7	
242	3	
243	10	19	
244	19	
245	13	
246	4	13	
247	21	22	12	
248	2	1	
249	15	
250	17	
251	11	7	
252	21	1	17	
253	
254	20	8	
255	1	
256	
257	
258	21	9	
259	
260	
261	10	18	
262	0	
263	22	9	
264	25	
265	
266	
267	
268	17	19	27	
269	
270	21	17	10	
271	
272	
273	5	3	
274	14	
275	5	14	1	
276	5	24	19	
277	
278	8	
279	22	
280	22	17	
281	3	14	
282	13	6	
283	23	
284	14	3	
285	17	12	5	
286	
287	20	2	24	
288	26	
289	7	21	13	
290	13	8	15	
291	20	18	7	
292	
293	5	10	8	
294	24	11	
295	3	
296	19	
297	24	
298	5	10	18	
299	15	26	29	
300	20	
301	26	13	27	
302	
303	25	
304	
305	
306	0	18	21	
307	2	16	
308	21	20	14	
309	
310	24	10	3	
311	
312	10	23	
313	0	13	14	
314	12	27	14	
315	15	12	
316	
317	3	8	
318	20	28	
319	2	12	3	
320	28	
321	14	22	12	
322	15	21	
323	15	
324	1	26	9	
325	11	13	
326	23	
327	9	18	26	
328	0	
329	
330	
331	28	21	
332	
333	5	12	
334	9	29	26	
335	16	4	
336	9	
337	
338	29	3	
339	4	
340	29	6	
341	17	13	7	
342	2	1	15	
343	19	20	
344	0	21	
345	27	
346	11	1	
347	20	23	2	
348	27	
349	16	15	4	
350	22	21	
351	22	
352	21	16	
353	7	8	15	
354	12	7	3	
355	
356	17	19	
357	12	2	21	
358	13	10	
359	21	25	
360	5	10	
361	3	24	
362	
363	
364	
365	
366	18	
367	5	0	26	
368	
369	23	17	
370	
371	21	0	
372	28	5	10	
373	23	
374	
375	3	10	
376	27	
377	6	29	1	
378	9	20	18	
379	8	18	10	
380	27	
381	6	19	
382	
383	17	27	29	
384	16	
385	
386	11	
387	18	8	14	
388	6	5	16	
389	
390	28	8	
391	28	
392	25	
393	
394	25	20	
395	17	
396	22	7	12	
397	23	
398	19	4	
399	29	
400	27	
401	11	2	
402	
403	16	
404	
405	2	29	
406	24	
407	15	
408	21	24	
409	13	1	
410	
411	17	
412	28	21	20	
413	26	10	11	
414	12	25	
415	29	7	11	
416	1	2	20	
417	18	27	
418	
419	22	
420	14	15	
421	1	2	8	
422	16	
423	26	4	
424	
425	4	
426	24	
427	26	23	
428	19	25	12	
429	13	
430	29	1	
431	14	
432	28	15	17	
433	23	
434	9	5	
435	13	28	26	
436	
437	13	
438	21	28	
439	10	
440	21	
441	20	
442	10	20	14	
443	4	22	14	
444	9	29	4	
445	8	
446	6	13	29	
447	23	
448	
449	
450	15	
451	11	17	
452	
453	
454	12	
455	
456	2	14	17	
457	6	23	
458	7	
459	
460	17	
461	15	23	
462	6	
463	21	23	
464	14	0	
465	25	
466	
467	20	
468	29	
469	10	2	
470	
471	0	11	12	
472	10	26	
473	19	10	8	
474	8	7	23	
475	0	20	5	
476	23	1	
477	10	21	
478	9	11	0	
479	15	19	4	
480	
481	6	29	
482	
483	10	
484	0	
485	23	
486	9	14	29	
487	11	29	14	
488	10	16	
489	29	25	6	
490	21	
491	3	17	
492	27	23	
493	9	22	4	
494	
495	
496	9	13	28	
497	12	
498	5	
499	
500	9	
501	19	5	
502	7	3	19	
503	17	22	
504	12	
505	0	
506	20	
507	
508	7	29	13	
509	
510	
511	2	
512	23	
513	21	18	8	
514	0	5	2	
515	9	21	19	
516	13	26	
517	
518	26	6	
519	2	7	14	
520	20	
521	
522	24	23	
523	23	
524	
525	2	
526	27	29	5	
527	
528	
529	15	
530	2	11	5	
531	29	
532	26	
533	
534	10	25	23	
535	
536	9	27	16	
537	12	0	
538	
539	
540	13	
541	9	10	
542	28	25	
543	22	
544	17	3	28	
545	29	22	
546	1	
547	
548	4	
549	26	23	28	
550	5	
551	
552	12	
553	14	18	
554	16	
555	
556	12	
557	29	11	
558	3	1	5	
559	16	29	
560	4	16	
561	7	4	
562	27	
563	20	10	12	
564	
565	
566	20	13	5	
567	28	17	21	
568	20	
569	
570	
571	
572	3	
573	
574	
575	26	
576	
577	3	15	14	
578	26	
579	
580	1	29	21	
581	19	4	
582	26	
583	5	9	
584	17	7	14	
585	11	9	1	
586	8	
587	24	29	23	
588	13	
589	
590	9	3	28	
591	
592	10	20	
593	6	8	
594	
595	18	5	20	
596	19	
597	6	28	
598	12	
599	13	6	
